1 1
7 2
14 2
30 2
8 2
25 2
21 2
13 2
29 2
27 2
12 2
3 2
31 1
56 3
77 2
105 3
90 3
79 1
141 0
61 2
113 0
51 3
66 1
16 3
43 1
122 2
121 1
57 0
138 0
67 0
137 0
125 2
99 0
82 2
103 2
41 3
9 1
68 0
142 3
47 2
58 1
65 2
135 2
106 3
73 3
92 1
76 0
6 3
35 1
59 2
118 3
115 1
83 2
102 2
140 2
107 0
62 3
48 3
50 1
40 3
32 1
117 2
134 3
111 0
120 2
71 3
72 1
104 2
64 0
86 2
109 2
18 3
36 1
93 1
85 0
74 3
88 1
98 0
114 1
63 1
44 2
70 1
84 3
15 3
33 1
45 0
87 2
69 0
52 3
55 1
127 3
126 1
80 0
132 3
81 2
26 3
19 1
54 2
96 1
60 2
128 3
95 3
100 1
136 1
75 2
91 3
49 0
42 3
10 1
101 0
112 2
124 1
119 0
110 2
133 1
131 3
123 1
89 2
46 2
34 3
5 1
53 0
130 1
143 0
108 2
94 0
139 0
97 3
116 1
129 1
78 3
23 3
0 0
4 0
28 0
11 0
20 0
17 0
39 0
37 0
38 0
22 0
24 0
2 3
