0 0
39 0
17 0
54 0
55 0
26 0
30 0
15 0
27 0
32 0
18 0
14 0
8 0
34 0
50 0
2 1
49 3
102 0
76 1
72 3
227 3
75 0
242 1
153 0
104 0
110 2
65 1
66 3
222 0
219 0
126 0
29 1
7 3
170 3
191 2
167 2
234 3
61 2
70 3
205 2
93 2
250 2
165 1
139 0
85 0
115 1
135 3
56 1
4 3
156 3
120 2
107 1
241 2
90 0
214 0
245 2
95 0
128 2
89 2
130 2
229 3
180 2
255 1
12 1
6 3
141 2
108 0
173 1
175 3
114 1
105 3
206 3
221 2
103 1
62 0
112 0
249 1
172 0
119 0
59 1
41 3
100 2
132 3
176 1
178 3
252 0
160 2
101 2
133 3
138 2
123 0
73 2
209 1
208 3
240 0
28 1
20 3
96 1
64 3
81 1
68 3
254 2
146 2
125 0
162 1
161 0
198 2
87 0
127 2
224 1
79 1
25 1
10 3
188 3
145 0
148 2
147 0
239 1
149 0
171 2
151 2
189 0
186 0
78 0
207 3
236 3
203 1
16 1
23 3
77 1
63 1
71 3
199 3
80 1
67 3
164 0
155 0
142 2
253 1
238 1
152 2
235 1
91 1
48 1
42 3
195 2
231 1
223 0
181 1
140 0
82 2
144 2
201 3
159 0
200 1
182 0
185 2
230 3
137 2
51 1
13 3
187 2
193 2
244 3
196 2
86 2
84 0
136 1
163 3
194 2
124 1
111 3
197 0
212 2
154 0
9 1
24 3
204 0
183 0
247 1
109 1
74 1
98 3
143 1
150 3
113 2
228 3
210 0
216 2
213 2
217 2
45 1
5 3
116 3
99 1
92 3
202 2
218 0
134 1
246 2
225 2
129 0
158 1
157 3
69 2
220 3
117 2
40 1
21 3
192 2
233 2
243 3
122 0
184 1
190 3
211 1
166 1
174 3
169 0
97 2
60 1
88 3
106 0
33 1
19 3
94 3
237 0
118 1
131 3
226 2
179 1
177 3
215 0
248 2
251 0
83 0
168 1
121 1
232 1
44 1
3 3
31 2
53 2
22 2
58 2
38 2
47 2
46 2
35 2
43 2
11 2
36 2
52 2
57 2
37 2
1 2
